<?xml version="1.0"?>
<opencv_storage>
<cameraMatrix type_id="opencv-matrix">
  <rows>3</rows>
  <cols>3</cols>
  <dt>d</dt>
  <data>
    7.1612339145745341e+02 0. 3.7092051925516415e+02 0.
    7.1599231050075332e+02 2.2195139155348218e+02 0. 0. 1.</data></cameraMatrix>
<distCoeffs type_id="opencv-matrix">
  <rows>1</rows>
  <cols>5</cols>
  <dt>d</dt>
  <data>
    6.3730500147129124e-02 5.8128385662821976e-02
    -4.1659857803264346e-04 6.3289809331502098e-04
    -4.2432768823795941e-01</data></distCoeffs>
<rms_error>4.2913052094741794e-01</rms_error>
</opencv_storage>
