<?xml version="1.0"?>
<opencv_storage>
<cameraMatrix type_id="opencv-matrix">
  <rows>3</rows>
  <cols>3</cols>
  <dt>d</dt>
  <data>
    7.1740701810861412e+02 0. 3.8469939511478537e+02 0.
    7.1709259031141869e+02 2.2718460933384094e+02 0. 0. 1.</data></cameraMatrix>
<distCoeffs type_id="opencv-matrix">
  <rows>1</rows>
  <cols>5</cols>
  <dt>d</dt>
  <data>
    5.0488166848813833e-02 1.5123370598026595e-01 1.8730234575426474e-03
    -6.3188067557390956e-04 -6.2482664608949035e-01</data></distCoeffs>
<rms_error>4.6267940873293134e-01</rms_error>
</opencv_storage>
