<?xml version="1.0"?>
<opencv_storage>
<R type_id="opencv-matrix">
  <rows>3</rows>
  <cols>3</cols>
  <dt>d</dt>
  <data>
    9.9996720730513644e-01 -7.4047749018914203e-03
    -3.2792717207739599e-03 7.4135188367158815e-03
    9.9996897534468698e-01 2.6623460621095587e-03 3.2594559091982970e-03
    -2.6865696992801782e-03 9.9999107910542229e-01</data></R>
<T type_id="opencv-matrix">
  <rows>3</rows>
  <cols>1</cols>
  <dt>d</dt>
  <data>
    -5.9983456396554627e-02 -1.4488055149410121e-04
    3.2329685567537939e-04</data></T>
<Q type_id="opencv-matrix">
  <rows>4</rows>
  <cols>4</cols>
  <dt>d</dt>
  <data>
    1. 0. 0. -3.7915480804443359e+02 0. 1. 0. -2.2467164802551270e+02 0.
    0. 0. 7.1654245040608600e+02 0. 0. 1.6670972611397211e+01
    1.7435826232297455e+02</data></Q>
<E type_id="opencv-matrix">
  <rows>3</rows>
  <cols>3</cols>
  <dt>d</dt>
  <data>
    -2.8689990990957971e-06 -3.2289759380220922e-04
    -1.4573998714057472e-04 5.1879968530612925e-04
    -1.6354367685584290e-04 5.9981861112227475e-02
    -2.9981268341679906e-04 -5.9982668238366919e-02
    -1.6017182162449237e-04</data></E>
<F type_id="opencv-matrix">
  <rows>3</rows>
  <cols>3</cols>
  <dt>d</dt>
  <data>
    1.7392090502837367e-08 1.9577881031304857e-06 1.9170073958542185e-04
    -3.1463821146417340e-06 9.9203048872957366e-07
    -2.5956022070184170e-01 2.0119969835626665e-03
    2.5993239920214267e-01 1.</data></F>
<rms_error>4.5819170847707952e-01</rms_error>
</opencv_storage>
